Value, PnL
[10068.733882090995, 10074.42758741437, 10068.864653050414, 10057.094481693848, 10044.32647840291, 10004.63391771191, 9981.96098729278, 9980.194385812598, 9964.94762060722, 9967.981256718842, 9971.126918058988, 9992.321913142152], 0
[10088.897852919034, 10051.270047209257, 10066.665442228028, 10069.7769198822, 10066.43105348567, 10052.946233871538, 10014.397235256312, 9998.741319311237, 9979.654894118421, 9997.177016913114, 9996.511135362663, 9991.399615044525], -147.9647409984001
[9914.156741178216, 9851.472581709646, 9827.756555056038, 9856.340598364537, 9895.109879851048, 9881.60056578836, 9885.881904686086, 9909.896971520713, 9943.750009712785, 9942.40724572667, 9939.225863678119, 9984.84365451135], -171.30022915699112
[10059.461342287988, 10047.94498766774, 10028.913438346892, 10023.096419271593, 10008.668620778071, 10022.090807532013, 9999.755051199492, 9981.254148493032, 10010.36105092104, 10031.587896696043, 10016.779591052078, 9984.84365451135], -171.04573343081336
[10008.874008555928, 10026.792851745875, 10043.842318464198, 10042.268295965736, 10038.71147026499, 10040.720907508556, 10060.185902830302, 10011.7086654472, 10005.439231081296, 9997.229197630288, 9971.678129402251, 9983.015167918527], -178.8047363874274
[10020.788077589523, 10007.30527966088, 9980.019964587762, 9971.399865746816, 9963.095566278034, 9940.65445596118, 9964.32888537238, 9962.655342878481, 9948.516148435045, 9959.42506469141, 9980.490794977864, 9983.015167918527], -172.2514379859341
[9908.326072651214, 9936.876399132774, 9928.124450019177, 9922.266365489026, 9910.730311954952, 9921.474425131828, 9910.32434788548, 9936.849018847253, 9940.715985546749, 9931.916280111504, 9950.182577022233, 9976.610291039951], -162.86664254996901
[9807.638776488699, 9867.336878684935, 9861.193518626173, 9901.84375085277, 9928.356096476226, 9924.009282041205, 10005.680558152786, 9993.484517189388, 9979.927047817513, 9973.382478930513, 9948.306791731547, 9958.174632767981], -125.26950155035847
[9923.347343092772, 9900.01185493418, 9900.266350660359, 9892.507347703744, 9899.060646105238, 9908.445441541202, 9945.240942479484, 9958.825816885166, 9961.243963267723, 9945.18935558069, 9962.903716627403, 9955.09026373913], -111.68462714467539
